$ANSIBLE_VAULT;1.1;AES256
33643439646665313337653964333061346237643431633766663262343838373331316366363230
6635313436653962393136643032663362356238656132300a623936323234376138383866326538
33656337396236303034666234363664386665306430613261613632323966653238373034336139
3963363833396636300a383663333839323461396163373632313134616633303064373466623731
64396631306431646663313266383661383361616537626437613335336234306465383038313134
63333239663562396662643065613139393139326535303737313961326630356262383431373630
31323138366638666232316435393861616538393766343138373439303463643166623136313765
61383735666466333336306431323463376461653463613134643064363762616639316466373134
62623263623232313933306365343538653734356432353563613861623731346238363431363636
30303062623936613337353731616235636562323838343930663633323834323134636561383862
64646134613733313563376266333437373838313331623866383864306638383638323335626638
61346532373062313933326464633432376632653031363733373062363034393161333064323238
37356132393233363863346333353135323963343666616139383437356165666233343535396662
61346531613338646230353464633965383136656439316266303532663332636530656263653732
61363133323734663437336630316662663035323263613666336463363663383636393162646231
34663462366431373164393331336163303535326438326431353261393234393763343438393361
30353837636432313332323434646663343930613363656463643965376461363935646534336436
64313263616330323532663030353762396237616134623538613364366335656236376165363361
35336463666263663431643132616466396466323239383436313034306334363038363934333732
64316234313539633061616266663966646435316639653739623032663532633636663166393663
39656434356533316663373433383131653663363839636465376432393839383061303237663930
64376562653166383263363636306131396438366239393034373165303530313461343738383435
35303731633434356437383264666431363065363561656432393863656339666164333938613065
66643263643838636330356563633736386461643830636139313939633862626333353435343863
3036
