$ANSIBLE_VAULT;1.1;AES256
63653234653662376231313336623461376637326638346238623435333961366539343166663837
3034306164333735636266336631633937653135373236630a633235386635373664613266346563
61363934386165313533633662663666633166313837663234333239383630366561623463613036
3531643463313366650a636366643537373837636133373839363336386239363435343565666236
35653830386438323963613862646230336166663935363461616366346238356564326666353562
37376532356637653761653834353539623835663030613539336333386531316335656135323530
63383939336235613931346261303365336138313131303661613632346263653166323035346332
62623662316266383030316134643636623861656565313030626264663966646465663436643361
32393236653332636138656565336337393036623434663766666565363137643032623834393338
38333134323762396537393064333438313130353736316539633331366564643636633565643562
33323863346439643131643734643161646365653231636335383633353934656564353931383461
31633961393231306365336563353065336130656436393232623132653234323032346362366364
36386132663135306235356666353762363033323330613135666361303365306232
